75 75 75
0  0 0
1 1
1201 1201

false
8
5

2
0	0	0	0.2 0.2 0.2
42	50	25	0.8 0.8 0.8

4
0.2	0.9	0.7	20	0	0	0
0.2	0.9	0	0	0	0	0
0.2	0.9	0	0	0	0	0
0.2 0.8 0.5	50	0	0.9	1

10
1 plane 	0 50 0 		50 50 0		0 0 0 		50 0 0		1 1 1
1 plane 	0 0 0 		50 0 0 		0 0 50 		50 0 50 	1 0 0
1 plane 	0 50 50		0 50 0		0 0 50		0 0 0 		1 1 1
0 plane 	0 10 0		16 10 0		0 10 16		16 10 16	1 0 1
2 triangle	8 20 8		0 10 0		16 10 0					0 1 1
2 triangle	8 20 8		0 10 0		0 10 16					1 0 0
2 triangle	8 20 8		0 10 16		16 10 16				0 1 0
2 triangle	8 20 8		16 10 16	16 10 0					0 0 1
2 plane 	10 15 30 	30 15 30 	10 15 40 	30 15 40 	1 1 1
3 sphere	42 15 25	3	1 1 1